mutation_id	sample_id	cluster_id	cellular_prevalence	cellular_prevalence_std	variant_allele_frequency
chr10:22498546-22498546_C_T	sgit-st102-01-000-100	0	0.9600639709745624	0.05760762688691419	0.5230769230769231
chr10:22498654-22498654_C_G	sgit-st102-01-000-100	0	0.9597555596404065	0.059610889319348	0.6288659793814433
chr10:70182520-70182521_GA_G	sgit-st102-01-000-100	0	0.9608651943760999	0.05441441949625907	0.5816326530612245
chr11:17393947-17393947_C_T	sgit-st102-01-000-100	0	0.9606238090829862	0.058212851244919	0.5658536585365853
chr12:85638645-85638646_GA_G	sgit-st102-01-000-100	0	0.9598588844616421	0.05915605914800479	0.5189873417721519
chr13:88328850-88328850_G_T	sgit-st102-01-000-100	0	0.9595826954007238	0.060752629692820845	0.7083764219234746
chr14:76905905-76905905_C_A	sgit-st102-01-000-100	0	0.9592553540654309	0.06075768916537759	0.7480314960629921
chr15:64422519-64422519_A_C	sgit-st102-01-000-100	0	0.9597492272936985	0.06080828109391251	0.56
chr16:18846262-18846262_G_T	sgit-st102-01-000-100	0	0.9588433427812197	0.0629926380854345	0.6796875
chr17:20370767-20370767_G_C	sgit-st102-01-000-100	0	0.9601043106135736	0.05911589810615471	0.7704918032786885
chr17:32483155-32483155_C_T	sgit-st102-01-000-100	0	0.9603695127468916	0.05723208384278578	0.6328011611030478
chr17:65936735-65936738_TCAC_T	sgit-st102-01-000-100	0	0.9607258321520227	0.05734072111208973	0.6484641638225256
chr18:28968870-28968870_G_A	sgit-st102-01-000-100	2	0.9591168634939051	0.062244922728477314	0.47330960854092524
chr19:40376725-40376725_G_T	sgit-st102-01-000-100	0	0.9604197978058108	0.057968854502948274	0.6790490341753344
chr19:55993277-55993277_G_GC	sgit-st102-01-000-100	0	0.9605730939504746	0.05536137909801035	0.7435897435897436
chr1:152749001-152749001_T_C	sgit-st102-01-000-100	0	0.9597756488028958	0.0594279065097523	0.7722772277227723
chr21:31933599-31933599_A_G	sgit-st102-01-000-100	0	0.9590454591006464	0.06412147025066085	0.6590909090909091
chr21:46924425-46924434_CGGCCCCCCA_C	sgit-st102-01-000-100	0	0.9590035199159087	0.06471915433949114	0.6666666666666666
chr2:201434450-201434450_A_G	sgit-st102-01-000-100	0	0.9597916777446619	0.057884896538945976	0.3953488372093023
chr3:197894668-197894668_G_A	sgit-st102-01-000-100	0	0.960883513623647	0.0564275115338513	0.6595744680851063
chr3:50379869-50379869_G_A	sgit-st102-01-000-100	0	0.961072326142176	0.054518402493264936	0.6706114398422091
chr4:1019054-1019056_CCA_C	sgit-st102-01-000-100	0	0.9611121336902821	0.05424270035561553	0.6936416184971098
chr4:39246159-39246159_C_T	sgit-st102-01-000-100	0	0.959491951652594	0.061402776493964285	0.6330275229357798
chr6:108214754-108214755_GT_G	sgit-st102-01-000-100	0	0.9602789014812754	0.05923786736804006	0.5692307692307692
chr6:1611802-1611802_G_GGGC	sgit-st102-01-000-100	0	0.9617289557085896	0.05284228280125679	0.875
chr7:20198183-20198183_C_T	sgit-st102-01-000-100	3	0.9582811457046618	0.06523405499391616	0.4049079754601227
chr8:109482303-109482303_C_A	sgit-st102-01-000-100	1	0.9588451566417123	0.06184323751573093	0.44155844155844154
chr9:107367606-107367606_C_T	sgit-st102-01-000-100	0	0.9598649696030181	0.060510215739188314	0.5843520782396088
chr9:19516195-19516195_C_T	sgit-st102-01-000-100	0	0.9599303536346424	0.058847349308822815	0.672
chrX:124097572-124097572_G_T	sgit-st102-01-000-100	0	0.960778539965858	0.056729618842917905	0.5918727915194346
chrX:152686745-152686745_G_A	sgit-st102-01-000-100	0	0.9612566840023888	0.05305047055192468	0.7283372365339579
